02 03 08 10 13 20 24 30 38 44 47 51 54 56 58 
01 03 07 08 09 10 12 16 17 28 44 47 51 53 56 
14 19 28 30 39 43 
10 14 17 23 32 34 
09 22 31 36 38 39 45 54 60 
02 03 17 21 32 34 47 51 57 
04 06 10 14 28 45 46 47 57 
15 16 18 25 28 43 45 46 52 
04 08 09 25 37 39 10 49 51 
01 12 05 13 15 20 49 53 57 
07 11 15 16 47 48 55 59 60 
02 03 13 18 21 22 27 53 57 58 
02 05 10 30 38 41 46 52 58 60 
07 08 10 12 17 18 22 28 34 36 
04 06 24 29 30 33 45 47 52 60 
10 29 31 36 41 49 60 
02 24 26 27 36 37 39 52 
02 09 14 15 29 41 45 51 60 
04 05 25 26 35 40 44 48 52 57 
02 12 17 18 29 36 39 48 53 55 56 

  Criado em: Fri Apr 23 16:49:41 2021
